shape_id;shape_pt_lat;shape_pt_lon;shape_pt_sequence;shape_dist_traveled
1;-23.568;-46.7405;1;0
1;-23.56852;-46.73181;2;1100
1;-23.56709;-46.7275;3;1605
1;-23.56589;-46.72534;4;1865
1;-23.56524;-46.72465;5;2225
1;-23.56666;-46.72727;6;2535
1;-23.56084;-46.73074;7;3935
1;-23.56614;-46.73032;8;4650
1;-23.56827;-46.7321;9;5085
1;-23.568;-46.7405;10;6285
1;-23.56669;-46.73802;11;7885
1;-23.56668;-46.73842;12;8140
1;-23.568;-46.7405;13;9135
2;-23.568;-46.7405;1;0
2;-23.56852;-46.73181;2;1100
2;-23.56709;-46.7275;3;1605
2;-23.56524;-46.72465;4;2225
2;-23.56666;-46.72727;5;2535
2;-23.55958;-46.73435;6;3935
2;-23.55941;-46.73757;7;4265
2;-23.55974;-46.73484;8;4800
2;-23.56084;-46.73074;9;5275
2;-23.56614;-46.73032;10;5990
2;-23.56827;-46.7321;11;6425
2;-23.568;-46.7405;12;7625
2;-23.56669;-46.73802;13;9225
2;-23.56668;-46.73842;14;9480
2;-23.568;-46.7405;15;10475
3;-23.568;-46.7405;1;0
3;-23.56852;-46.73181;2;1100
3;-23.56709;-46.7275;3;1605
3;-23.56589;-46.72534;4;1865
3;-23.56524;-46.72465;5;2225
3;-23.56666;-46.72727;6;2535
3;-23.56084;-46.73074;7;3935
3;-23.56614;-46.73032;8;4650
3;-23.56827;-46.7321;9;5085
3;-23.568;-46.7405;10;6285
3;-23.56669;-46.73802;11;7885
3;-23.56668;-46.73842;12;8140
3;-23.568;-46.7405;13;9135
4;-23.568;-46.7405;1;0
4;-23.56852;-46.73181;2;1100
4;-23.56709;-46.7275;3;1605
4;-23.56589;-46.72534;4;1865
4;-23.56524;-46.72465;5;2225
4;-23.56666;-46.72727;6;2535
4;-23.56084;-46.73074;7;3935
4;-23.56614;-46.73032;8;4650
4;-23.56827;-46.7321;9;5085
4;-23.568;-46.7405;10;6285
4;-23.56669;-46.73802;11;7885
4;-23.56668;-46.73842;12;8140
4;-23.568;-46.7405;13;9135
5;-23.568;-46.7405;1;0
5;-23.56852;-46.73181;2;1100
5;-23.56709;-46.7275;3;1605
5;-23.56589;-46.72534;4;1865
5;-23.56524;-46.72465;5;2225
5;-23.56666;-46.72727;6;2535
5;-23.56084;-46.73074;7;3935
5;-23.56614;-46.73032;8;4650
5;-23.56827;-46.7321;9;5085
5;-23.568;-46.7405;10;6285
5;-23.56669;-46.73802;11;7885
5;-23.56668;-46.73842;12;8140
5;-23.568;-46.7405;13;9135
6;-23.568;-46.7405;1;0
6;-23.56852;-46.73181;2;1100
6;-23.56709;-46.7275;3;1605
6;-23.56589;-46.72534;4;1865
6;-23.56524;-46.72465;5;2225
6;-23.56666;-46.72727;6;2535
6;-23.56084;-46.73074;7;3935
6;-23.56614;-46.73032;8;4650
6;-23.56827;-46.7321;9;5085
6;-23.568;-46.7405;10;6285
6;-23.56669;-46.73802;11;7885
6;-23.56668;-46.73842;12;8140
6;-23.568;-46.7405;13;9135
7;-23.568;-46.7405;1;0
7;-23.56852;-46.73181;2;1100
7;-23.56709;-46.7275;3;1605
7;-23.56589;-46.72534;4;1865
7;-23.56524;-46.72465;5;2225
7;-23.56666;-46.72727;6;2535
7;-23.56084;-46.73074;7;3935
7;-23.56614;-46.73032;8;4650
7;-23.56827;-46.7321;9;5085
7;-23.568;-46.7405;10;6285
7;-23.56669;-46.73802;11;7885
7;-23.56668;-46.73842;12;8140
7;-23.568;-46.7405;13;9135
8;-23.568;-46.7405;1;0
8;-23.56852;-46.73181;2;1100
8;-23.56709;-46.7275;3;1605
8;-23.56589;-46.72534;4;1865
8;-23.56524;-46.72465;5;2225
8;-23.56666;-46.72727;6;2535
8;-23.56084;-46.73074;7;3935
8;-23.56614;-46.73032;8;4650
8;-23.56827;-46.7321;9;5085
8;-23.568;-46.7405;10;6285
8;-23.56669;-46.73802;11;7885
8;-23.56668;-46.73842;12;8140
8;-23.568;-46.7405;13;9135
9;-23.568;-46.7405;1;0
9;-23.56852;-46.73181;2;1100
9;-23.56709;-46.7275;3;1605
9;-23.56589;-46.72534;4;1865
9;-23.56524;-46.72465;5;2225
9;-23.56666;-46.72727;6;2535
9;-23.56084;-46.73074;7;3935
9;-23.56614;-46.73032;8;4650
9;-23.56827;-46.7321;9;5085
9;-23.568;-46.7405;10;6285
9;-23.56669;-46.73802;11;7885
9;-23.56668;-46.73842;12;8140
9;-23.568;-46.7405;13;9135
10;-23.568;-46.7405;1;0
10;-23.56852;-46.73181;2;1100
10;-23.56709;-46.7275;3;1605
10;-23.56589;-46.72534;4;1865
10;-23.56524;-46.72465;5;2225
10;-23.56666;-46.72727;6;2535
10;-23.56084;-46.73074;7;3935
10;-23.56614;-46.73032;8;4650
10;-23.56827;-46.7321;9;5085
10;-23.568;-46.7405;10;6285
10;-23.56669;-46.73802;11;7885
10;-23.56668;-46.73842;12;8140
10;-23.568;-46.7405;13;9135
11;-23.568;-46.7405;1;0
11;-23.56852;-46.73181;2;1100
11;-23.56709;-46.7275;3;1605
11;-23.56589;-46.72534;4;1865
11;-23.56524;-46.72465;5;2225
11;-23.56666;-46.72727;6;2535
11;-23.56084;-46.73074;7;3935
11;-23.56614;-46.73032;8;4650
11;-23.56827;-46.7321;9;5085
11;-23.568;-46.7405;10;6285
11;-23.56669;-46.73802;11;7885
11;-23.56668;-46.73842;12;8140
11;-23.568;-46.7405;13;9135
12;-23.568;-46.7405;1;0
12;-23.56852;-46.73181;2;1100
12;-23.56709;-46.7275;3;1605
12;-23.56589;-46.72534;4;1865
12;-23.56524;-46.72465;5;2225
12;-23.56666;-46.72727;6;2535
12;-23.56084;-46.73074;7;3935
12;-23.56614;-46.73032;8;4650
12;-23.56827;-46.7321;9;5085
12;-23.568;-46.7405;10;6285
12;-23.56669;-46.73802;11;7885
12;-23.56668;-46.73842;12;8140
12;-23.568;-46.7405;13;9135
13;-23.568;-46.7405;1;0
13;-23.56852;-46.73181;2;1100
13;-23.56709;-46.7275;3;1605
13;-23.56589;-46.72534;4;1865
13;-23.56524;-46.72465;5;2225
13;-23.56666;-46.72727;6;2535
13;-23.56084;-46.73074;7;3935
13;-23.56614;-46.73032;8;4650
13;-23.56827;-46.7321;9;5085
13;-23.568;-46.7405;10;6285
13;-23.56669;-46.73802;11;7885
13;-23.56668;-46.73842;12;8140
13;-23.568;-46.7405;13;9135
14;-23.568;-46.7405;1;0
14;-23.56852;-46.73181;2;1100
14;-23.56709;-46.7275;3;1605
14;-23.56524;-46.72465;4;2225
14;-23.56666;-46.72727;5;2535
14;-23.55958;-46.73435;6;3935
14;-23.55941;-46.73757;7;4265
14;-23.55974;-46.73484;8;4800
14;-23.56084;-46.73074;9;5275
14;-23.56614;-46.73032;10;5990
14;-23.56827;-46.7321;11;6425
14;-23.568;-46.7405;12;7625
14;-23.56669;-46.73802;13;9225
14;-23.56668;-46.73842;14;9480
14;-23.568;-46.7405;15;10475
15;-23.568;-46.7405;1;0
15;-23.56852;-46.73181;2;1100
15;-23.56709;-46.7275;3;1605
15;-23.56589;-46.72534;4;1865
15;-23.56524;-46.72465;5;2225
15;-23.56666;-46.72727;6;2535
15;-23.56084;-46.73074;7;3935
15;-23.56614;-46.73032;8;4650
15;-23.56827;-46.7321;9;5085
15;-23.568;-46.7405;10;6285
15;-23.56669;-46.73802;11;7885
15;-23.56668;-46.73842;12;8140
15;-23.568;-46.7405;13;9135
16;-23.568;-46.7405;1;0
16;-23.56852;-46.73181;2;1100
16;-23.56709;-46.7275;3;1605
16;-23.56589;-46.72534;4;1865
16;-23.56524;-46.72465;5;2225
16;-23.56666;-46.72727;6;2535
16;-23.56084;-46.73074;7;3935
16;-23.56614;-46.73032;8;4650
16;-23.56827;-46.7321;9;5085
16;-23.568;-46.7405;10;6285
16;-23.56669;-46.73802;11;7885
16;-23.56668;-46.73842;12;8140
16;-23.568;-46.7405;13;9135
17;-23.568;-46.7405;1;0
17;-23.56852;-46.73181;2;1100
17;-23.56709;-46.7275;3;1605
17;-23.56524;-46.72465;4;2225
17;-23.56666;-46.72727;5;2535
17;-23.55958;-46.73435;6;3935
17;-23.55941;-46.73757;7;4265
17;-23.55974;-46.73484;8;4800
17;-23.56084;-46.73074;9;5275
17;-23.56614;-46.73032;10;5990
17;-23.56827;-46.7321;11;6425
17;-23.568;-46.7405;12;7625
17;-23.56669;-46.73802;13;9225
17;-23.56668;-46.73842;14;9480
17;-23.568;-46.7405;15;10475
18;-23.568;-46.7405;1;0
18;-23.56852;-46.73181;2;1100
18;-23.56709;-46.7275;3;1605
18;-23.56589;-46.72534;4;1865
18;-23.56524;-46.72465;5;2225
18;-23.56666;-46.72727;6;2535
18;-23.56084;-46.73074;7;3935
18;-23.56614;-46.73032;8;4650
18;-23.56827;-46.7321;9;5085
18;-23.568;-46.7405;10;6285
18;-23.56669;-46.73802;11;7885
18;-23.56668;-46.73842;12;8140
18;-23.568;-46.7405;13;9135
19;-23.568;-46.7405;1;0
19;-23.56852;-46.73181;2;1100
19;-23.56709;-46.7275;3;1605
19;-23.56589;-46.72534;4;1865
19;-23.56524;-46.72465;5;2225
19;-23.56666;-46.72727;6;2535
19;-23.56084;-46.73074;7;3935
19;-23.56614;-46.73032;8;4650
19;-23.56827;-46.7321;9;5085
19;-23.568;-46.7405;10;6285
19;-23.56669;-46.73802;11;7885
19;-23.56668;-46.73842;12;8140
19;-23.568;-46.7405;13;9135
20;-23.568;-46.7405;1;0
20;-23.56852;-46.73181;2;1100
20;-23.56709;-46.7275;3;1605
20;-23.56589;-46.72534;4;1865
20;-23.56524;-46.72465;5;2225
20;-23.56666;-46.72727;6;2535
20;-23.56084;-46.73074;7;3935
20;-23.56614;-46.73032;8;4650
20;-23.56827;-46.7321;9;5085
20;-23.568;-46.7405;10;6285
20;-23.56669;-46.73802;11;7885
20;-23.56668;-46.73842;12;8140
20;-23.568;-46.7405;13;9135
21;-23.568;-46.7405;1;0
21;-23.56852;-46.73181;2;1100
21;-23.56709;-46.7275;3;1605
21;-23.56589;-46.72534;4;1865
21;-23.56524;-46.72465;5;2225
21;-23.56666;-46.72727;6;2535
21;-23.56084;-46.73074;7;3935
21;-23.56614;-46.73032;8;4650
21;-23.56827;-46.7321;9;5085
21;-23.568;-46.7405;10;6285
21;-23.56669;-46.73802;11;7885
21;-23.56668;-46.73842;12;8140
21;-23.568;-46.7405;13;9135
22;-23.568;-46.7405;1;0
22;-23.56852;-46.73181;2;1100
22;-23.56709;-46.7275;3;1605
22;-23.56589;-46.72534;4;1865
22;-23.56524;-46.72465;5;2225
22;-23.56666;-46.72727;6;2535
22;-23.56084;-46.73074;7;3935
22;-23.56614;-46.73032;8;4650
22;-23.56827;-46.7321;9;5085
22;-23.568;-46.7405;10;6285
22;-23.56669;-46.73802;11;7885
22;-23.56668;-46.73842;12;8140
22;-23.568;-46.7405;13;9135
23;-23.568;-46.7405;1;0
23;-23.56852;-46.73181;2;1100
23;-23.56709;-46.7275;3;1605
23;-23.56589;-46.72534;4;1865
23;-23.56524;-46.72465;5;2225
23;-23.56666;-46.72727;6;2535
23;-23.56084;-46.73074;7;3935
23;-23.56614;-46.73032;8;4650
23;-23.56827;-46.7321;9;5085
23;-23.568;-46.7405;10;6285
23;-23.56669;-46.73802;11;7885
23;-23.56668;-46.73842;12;8140
23;-23.568;-46.7405;13;9135
24;-23.568;-46.7405;1;0
24;-23.56852;-46.73181;2;1100
24;-23.56709;-46.7275;3;1605
24;-23.56524;-46.72465;4;2225
24;-23.56666;-46.72727;5;2535
24;-23.55958;-46.73435;6;3935
24;-23.55941;-46.73757;7;4265
24;-23.55974;-46.73484;8;4800
24;-23.56084;-46.73074;9;5275
24;-23.56614;-46.73032;10;5990
24;-23.56827;-46.7321;11;6425
24;-23.568;-46.7405;12;7625
24;-23.56669;-46.73802;13;9225
24;-23.56668;-46.73842;14;9480
24;-23.568;-46.7405;15;10475
25;-23.568;-46.7405;1;0
25;-23.56852;-46.73181;2;1100
25;-23.56709;-46.7275;3;1605
25;-23.56589;-46.72534;4;1865
25;-23.56524;-46.72465;5;2225
25;-23.56666;-46.72727;6;2535
25;-23.56084;-46.73074;7;3935
25;-23.56614;-46.73032;8;4650
25;-23.56827;-46.7321;9;5085
25;-23.568;-46.7405;10;6285
25;-23.56669;-46.73802;11;7885
25;-23.56668;-46.73842;12;8140
25;-23.568;-46.7405;13;9135
26;-23.568;-46.7405;1;0
26;-23.56852;-46.73181;2;1100
26;-23.56709;-46.7275;3;1605
26;-23.56524;-46.72465;4;2225
26;-23.56666;-46.72727;5;2535
26;-23.55958;-46.73435;6;3935
26;-23.55941;-46.73757;7;4265
26;-23.55974;-46.73484;8;4800
26;-23.56084;-46.73074;9;5275
26;-23.56614;-46.73032;10;5990
26;-23.56827;-46.7321;11;6425
26;-23.568;-46.7405;12;7625
26;-23.56669;-46.73802;13;9225
26;-23.56668;-46.73842;14;9480
26;-23.568;-46.7405;15;10475
27;-23.568;-46.7405;1;0
27;-23.56852;-46.73181;2;1100
27;-23.56709;-46.7275;3;1605
27;-23.56589;-46.72534;4;1865
27;-23.56524;-46.72465;5;2225
27;-23.56666;-46.72727;6;2535
27;-23.56084;-46.73074;7;3935
27;-23.56614;-46.73032;8;4650
27;-23.56827;-46.7321;9;5085
27;-23.568;-46.7405;10;6285
27;-23.56669;-46.73802;11;7885
27;-23.56668;-46.73842;12;8140
27;-23.568;-46.7405;13;9135
28;-23.568;-46.7405;1;0
28;-23.56852;-46.73181;2;1100
28;-23.56709;-46.7275;3;1605
28;-23.56589;-46.72534;4;1865
28;-23.56524;-46.72465;5;2225
28;-23.56666;-46.72727;6;2535
28;-23.56084;-46.73074;7;3935
28;-23.56614;-46.73032;8;4650
28;-23.56827;-46.7321;9;5085
28;-23.568;-46.7405;10;6285
28;-23.56669;-46.73802;11;7885
28;-23.56668;-46.73842;12;8140
28;-23.568;-46.7405;13;9135
29;-23.568;-46.7405;1;0
29;-23.56852;-46.73181;2;1100
29;-23.56709;-46.7275;3;1605
29;-23.56589;-46.72534;4;1865
29;-23.56524;-46.72465;5;2225
29;-23.56666;-46.72727;6;2535
29;-23.56084;-46.73074;7;3935
29;-23.56614;-46.73032;8;4650
29;-23.56827;-46.7321;9;5085
29;-23.568;-46.7405;10;6285
29;-23.56669;-46.73802;11;7885
29;-23.56668;-46.73842;12;8140
29;-23.568;-46.7405;13;9135
30;-23.568;-46.7405;1;0
30;-23.56852;-46.73181;2;1100
30;-23.56827;-46.7321;3;1240
30;-23.568;-46.7405;4;2440
30;-23.56669;-46.73802;5;4040
30;-23.56668;-46.73842;6;4295
30;-23.568;-46.7405;7;5290
31;-23.568;-46.7405;1;0
31;-23.56852;-46.73181;2;1100
31;-23.56709;-46.7275;3;1605
31;-23.56589;-46.72534;4;1865
31;-23.56524;-46.72465;5;2225
31;-23.56666;-46.72727;6;2535
31;-23.56084;-46.73074;7;3935
31;-23.56614;-46.73032;8;4650
31;-23.56827;-46.7321;9;5085
31;-23.568;-46.7405;10;6285
31;-23.56669;-46.73802;11;7885
31;-23.56668;-46.73842;12;8140
31;-23.568;-46.7405;13;9135
32;-23.568;-46.7405;1;0
32;-23.56852;-46.73181;2;1100
32;-23.56709;-46.7275;3;1605
32;-23.56589;-46.72534;4;1865
32;-23.56524;-46.72465;5;2225
32;-23.56666;-46.72727;6;2535
32;-23.56084;-46.73074;7;3935
32;-23.56614;-46.73032;8;4650
32;-23.56827;-46.7321;9;5085
32;-23.568;-46.7405;10;6285
32;-23.56669;-46.73802;11;7885
32;-23.56668;-46.73842;12;8140
32;-23.568;-46.7405;13;9135
33;-23.568;-46.7405;1;0
33;-23.56852;-46.73181;2;1100
33;-23.56709;-46.7275;3;1605
33;-23.56524;-46.72465;4;2225
33;-23.56666;-46.72727;5;2535
33;-23.55958;-46.73435;6;3935
33;-23.55941;-46.73757;7;4265
33;-23.55974;-46.73484;8;4800
33;-23.56084;-46.73074;9;5275
33;-23.56614;-46.73032;10;5990
33;-23.56827;-46.7321;11;6425
33;-23.568;-46.7405;12;7625
33;-23.56669;-46.73802;13;9225
33;-23.56668;-46.73842;14;9480
33;-23.568;-46.7405;15;10475
34;-23.568;-46.7405;1;0
34;-23.56852;-46.73181;2;1100
34;-23.56709;-46.7275;3;1605
34;-23.56589;-46.72534;4;1865
34;-23.56524;-46.72465;5;2225
34;-23.56666;-46.72727;6;2535
34;-23.56084;-46.73074;7;3935
34;-23.56614;-46.73032;8;4650
34;-23.56827;-46.7321;9;5085
34;-23.568;-46.7405;10;6285
34;-23.56669;-46.73802;11;7885
34;-23.56668;-46.73842;12;8140
34;-23.568;-46.7405;13;9135
35;-23.568;-46.7405;1;0
35;-23.56852;-46.73181;2;1100
35;-23.56709;-46.7275;3;1605
35;-23.56589;-46.72534;4;1865
35;-23.56524;-46.72465;5;2225
35;-23.56666;-46.72727;6;2535
35;-23.56084;-46.73074;7;3935
35;-23.56614;-46.73032;8;4650
35;-23.56827;-46.7321;9;5085
35;-23.568;-46.7405;10;6285
35;-23.56669;-46.73802;11;7885
35;-23.56668;-46.73842;12;8140
35;-23.568;-46.7405;13;9135
36;-23.568;-46.7405;1;0
36;-23.56852;-46.73181;2;1100
36;-23.56709;-46.7275;3;1605
36;-23.56589;-46.72534;4;1865
36;-23.56524;-46.72465;5;2225
36;-23.56666;-46.72727;6;2535
36;-23.56084;-46.73074;7;3935
36;-23.56614;-46.73032;8;4650
36;-23.56827;-46.7321;9;5085
36;-23.568;-46.7405;10;6285
36;-23.56669;-46.73802;11;7885
36;-23.56668;-46.73842;12;8140
36;-23.568;-46.7405;13;9135
37;-23.568;-46.7405;1;0
37;-23.56852;-46.73181;2;1100
37;-23.56709;-46.7275;3;1605
37;-23.56589;-46.72534;4;1865
37;-23.56524;-46.72465;5;2225
37;-23.56666;-46.72727;6;2535
37;-23.56084;-46.73074;7;3935
37;-23.56614;-46.73032;8;4650
37;-23.56827;-46.7321;9;5085
37;-23.568;-46.7405;10;6285
37;-23.56669;-46.73802;11;7885
37;-23.56668;-46.73842;12;8140
37;-23.568;-46.7405;13;9135
38;-23.568;-46.7405;1;0
38;-23.56852;-46.73181;2;1100
38;-23.56709;-46.7275;3;1605
38;-23.56589;-46.72534;4;1865
38;-23.56524;-46.72465;5;2225
38;-23.56666;-46.72727;6;2535
38;-23.56084;-46.73074;7;3935
38;-23.56614;-46.73032;8;4650
38;-23.56827;-46.7321;9;5085
38;-23.568;-46.7405;10;6285
38;-23.56669;-46.73802;11;7885
38;-23.56668;-46.73842;12;8140
38;-23.568;-46.7405;13;9135
39;-23.568;-46.7405;1;0
39;-23.56852;-46.73181;2;1100
39;-23.56827;-46.7321;3;1240
39;-23.568;-46.7405;4;2440
39;-23.56669;-46.73802;5;4040
39;-23.56668;-46.73842;6;4295
39;-23.568;-46.7405;7;5290
40;-23.568;-46.7405;1;0
40;-23.56852;-46.73181;2;1100
40;-23.56709;-46.7275;3;1605
40;-23.56589;-46.72534;4;1865
40;-23.56524;-46.72465;5;2225
40;-23.56666;-46.72727;6;2535
40;-23.56084;-46.73074;7;3935
40;-23.56614;-46.73032;8;4650
40;-23.56827;-46.7321;9;5085
40;-23.568;-46.7405;10;6285
40;-23.56669;-46.73802;11;7885
40;-23.56668;-46.73842;12;8140
40;-23.568;-46.7405;13;9135
41;-23.568;-46.7405;1;0
41;-23.56852;-46.73181;2;1100
41;-23.56709;-46.7275;3;1605
41;-23.56589;-46.72534;4;1865
41;-23.56524;-46.72465;5;2225
41;-23.56666;-46.72727;6;2535
41;-23.56084;-46.73074;7;3935
41;-23.56614;-46.73032;8;4650
41;-23.56827;-46.7321;9;5085
41;-23.568;-46.7405;10;6285
41;-23.56669;-46.73802;11;7885
41;-23.56668;-46.73842;12;8140
41;-23.568;-46.7405;13;9135
42;-23.568;-46.7405;1;0
42;-23.56852;-46.73181;2;1100
42;-23.56709;-46.7275;3;1605
42;-23.56524;-46.72465;4;2225
42;-23.56666;-46.72727;5;2535
42;-23.55958;-46.73435;6;3935
42;-23.55941;-46.73757;7;4265
42;-23.55974;-46.73484;8;4800
42;-23.56084;-46.73074;9;5275
42;-23.56614;-46.73032;10;5990
42;-23.56827;-46.7321;11;6425
42;-23.568;-46.7405;12;7625
42;-23.56669;-46.73802;13;9225
42;-23.56668;-46.73842;14;9480
42;-23.568;-46.7405;15;10475
43;-23.568;-46.7405;1;0
43;-23.56852;-46.73181;2;1100
43;-23.56709;-46.7275;3;1605
43;-23.56589;-46.72534;4;1865
43;-23.56524;-46.72465;5;2225
43;-23.56666;-46.72727;6;2535
43;-23.56084;-46.73074;7;3935
43;-23.56614;-46.73032;8;4650
43;-23.56827;-46.7321;9;5085
43;-23.568;-46.7405;10;6285
43;-23.56669;-46.73802;11;7885
43;-23.56668;-46.73842;12;8140
43;-23.568;-46.7405;13;9135
44;-23.568;-46.7405;1;0
44;-23.56852;-46.73181;2;1100
44;-23.56709;-46.7275;3;1605
44;-23.56589;-46.72534;4;1865
44;-23.56524;-46.72465;5;2225
44;-23.56666;-46.72727;6;2535
44;-23.56084;-46.73074;7;3935
44;-23.56614;-46.73032;8;4650
44;-23.56827;-46.7321;9;5085
44;-23.568;-46.7405;10;6285
44;-23.56669;-46.73802;11;7885
44;-23.56668;-46.73842;12;8140
44;-23.568;-46.7405;13;9135
45;-23.568;-46.7405;1;0
45;-23.56852;-46.73181;2;1100
45;-23.56709;-46.7275;3;1605
45;-23.56589;-46.72534;4;1865
45;-23.56524;-46.72465;5;2225
45;-23.56666;-46.72727;6;2535
45;-23.56084;-46.73074;7;3935
45;-23.56614;-46.73032;8;4650
45;-23.56827;-46.7321;9;5085
45;-23.568;-46.7405;10;6285
45;-23.56669;-46.73802;11;7885
45;-23.56668;-46.73842;12;8140
45;-23.568;-46.7405;13;9135
46;-23.568;-46.7405;1;0
46;-23.56852;-46.73181;2;1100
46;-23.56709;-46.7275;3;1605
46;-23.56589;-46.72534;4;1865
46;-23.56524;-46.72465;5;2225
46;-23.56666;-46.72727;6;2535
46;-23.56084;-46.73074;7;3935
46;-23.56614;-46.73032;8;4650
46;-23.56827;-46.7321;9;5085
46;-23.568;-46.7405;10;6285
46;-23.56669;-46.73802;11;7885
46;-23.56668;-46.73842;12;8140
46;-23.568;-46.7405;13;9135
47;-23.568;-46.7405;1;0
47;-23.56852;-46.73181;2;1100
47;-23.56709;-46.7275;3;1605
47;-23.56589;-46.72534;4;1865
47;-23.56524;-46.72465;5;2225
47;-23.56666;-46.72727;6;2535
47;-23.56084;-46.73074;7;3935
47;-23.56614;-46.73032;8;4650
47;-23.56827;-46.7321;9;5085
47;-23.568;-46.7405;10;6285
47;-23.56669;-46.73802;11;7885
47;-23.56668;-46.73842;12;8140
47;-23.568;-46.7405;13;9135
48;-23.568;-46.7405;1;0
48;-23.56852;-46.73181;2;1100
48;-23.56709;-46.7275;3;1605
48;-23.56589;-46.72534;4;1865
48;-23.56524;-46.72465;5;2225
48;-23.56666;-46.72727;6;2535
48;-23.56084;-46.73074;7;3935
48;-23.56614;-46.73032;8;4650
48;-23.56827;-46.7321;9;5085
48;-23.568;-46.7405;10;6285
48;-23.56669;-46.73802;11;7885
48;-23.56668;-46.73842;12;8140
48;-23.568;-46.7405;13;9135
49;-23.568;-46.7405;1;0
49;-23.56852;-46.73181;2;1100
49;-23.56709;-46.7275;3;1605
49;-23.56524;-46.72465;4;2225
49;-23.56666;-46.72727;5;2535
49;-23.55958;-46.73435;6;3935
49;-23.55941;-46.73757;7;4265
49;-23.55974;-46.73484;8;4800
49;-23.56084;-46.73074;9;5275
49;-23.56614;-46.73032;10;5990
49;-23.56827;-46.7321;11;6425
49;-23.568;-46.7405;12;7625
49;-23.56669;-46.73802;13;9225
49;-23.56668;-46.73842;14;9480
49;-23.568;-46.7405;15;10475
50;-23.568;-46.7405;1;0
50;-23.56852;-46.73181;2;1100
50;-23.56709;-46.7275;3;1605
50;-23.56589;-46.72534;4;1865
50;-23.56524;-46.72465;5;2225
50;-23.56666;-46.72727;6;2535
50;-23.56084;-46.73074;7;3935
50;-23.56614;-46.73032;8;4650
50;-23.56827;-46.7321;9;5085
50;-23.568;-46.7405;10;6285
50;-23.56669;-46.73802;11;7885
50;-23.56668;-46.73842;12;8140
50;-23.568;-46.7405;13;9135
51;-23.568;-46.7405;1;0
51;-23.56852;-46.73181;2;1100
51;-23.56709;-46.7275;3;1605
51;-23.56524;-46.72465;4;2225
51;-23.56666;-46.72727;5;2535
51;-23.55958;-46.73435;6;3935
51;-23.55941;-46.73757;7;4265
51;-23.55974;-46.73484;8;4800
51;-23.56084;-46.73074;9;5275
51;-23.56614;-46.73032;10;5990
51;-23.56827;-46.7321;11;6425
51;-23.568;-46.7405;12;7625
51;-23.56669;-46.73802;13;9225
51;-23.56668;-46.73842;14;9480
51;-23.568;-46.7405;15;10475
52;-23.568;-46.7405;1;0
52;-23.56852;-46.73181;2;1100
52;-23.56709;-46.7275;3;1605
52;-23.56589;-46.72534;4;1865
52;-23.56524;-46.72465;5;2225
52;-23.56666;-46.72727;6;2535
52;-23.56084;-46.73074;7;3935
52;-23.56614;-46.73032;8;4650
52;-23.56827;-46.7321;9;5085
52;-23.568;-46.7405;10;6285
52;-23.56669;-46.73802;11;7885
52;-23.56668;-46.73842;12;8140
52;-23.568;-46.7405;13;9135
53;-23.568;-46.7405;1;0
53;-23.56852;-46.73181;2;1100
53;-23.56709;-46.7275;3;1605
53;-23.56589;-46.72534;4;1865
53;-23.56524;-46.72465;5;2225
53;-23.56666;-46.72727;6;2535
53;-23.56084;-46.73074;7;3935
53;-23.56614;-46.73032;8;4650
53;-23.56827;-46.7321;9;5085
53;-23.568;-46.7405;10;6285
53;-23.56669;-46.73802;11;7885
53;-23.56668;-46.73842;12;8140
53;-23.568;-46.7405;13;9135
54;-23.568;-46.7405;1;0
54;-23.56852;-46.73181;2;1100
54;-23.56709;-46.7275;3;1605
54;-23.56589;-46.72534;4;1865
54;-23.56524;-46.72465;5;2225
54;-23.56666;-46.72727;6;2535
54;-23.56084;-46.73074;7;3935
54;-23.56614;-46.73032;8;4650
54;-23.56827;-46.7321;9;5085
54;-23.568;-46.7405;10;6285
54;-23.56669;-46.73802;11;7885
54;-23.56668;-46.73842;12;8140
54;-23.568;-46.7405;13;9135
55;-23.568;-46.7405;1;0
55;-23.56852;-46.73181;2;1100
55;-23.56709;-46.7275;3;1605
55;-23.56589;-46.72534;4;1865
55;-23.56524;-46.72465;5;2225
55;-23.56666;-46.72727;6;2535
55;-23.56084;-46.73074;7;3935
55;-23.56614;-46.73032;8;4650
55;-23.56827;-46.7321;9;5085
55;-23.568;-46.7405;10;6285
55;-23.56669;-46.73802;11;7885
55;-23.56668;-46.73842;12;8140
55;-23.568;-46.7405;13;9135
56;-23.568;-46.7405;1;0
56;-23.56852;-46.73181;2;1100
56;-23.56709;-46.7275;3;1605
56;-23.56589;-46.72534;4;1865
56;-23.56524;-46.72465;5;2225
56;-23.56666;-46.72727;6;2535
56;-23.56084;-46.73074;7;3935
56;-23.56614;-46.73032;8;4650
56;-23.56827;-46.7321;9;5085
56;-23.568;-46.7405;10;6285
56;-23.56669;-46.73802;11;7885
56;-23.56668;-46.73842;12;8140
56;-23.568;-46.7405;13;9135
57;-23.568;-46.7405;1;0
57;-23.56852;-46.73181;2;1100
57;-23.56709;-46.7275;3;1605
57;-23.56524;-46.72465;4;2225
57;-23.56666;-46.72727;5;2535
57;-23.55958;-46.73435;6;3935
57;-23.55941;-46.73757;7;4265
57;-23.55974;-46.73484;8;4800
57;-23.56084;-46.73074;9;5275
57;-23.56614;-46.73032;10;5990
57;-23.56827;-46.7321;11;6425
57;-23.568;-46.7405;12;7625
57;-23.56669;-46.73802;13;9225
57;-23.56668;-46.73842;14;9480
57;-23.568;-46.7405;15;10475
58;-23.57153;-46.70804;1;0
58;-23.56602;-46.71048;2;1200
58;-23.56328;-46.7162;3;1835
58;-23.56279;-46.71959;4;2815
58;-23.5607;-46.7134;5;4215
58;-23.56426;-46.71304;6;4615
58;-23.56541;-46.71313;7;4785
58;-23.57099;-46.70963;8;5660
58;-23.57153;-46.70804;9;5830
59;-23.568;-46.7405;1;0
59;-23.56852;-46.73181;2;1100
59;-23.56709;-46.7275;3;1605
59;-23.56589;-46.72534;4;1865
59;-23.56524;-46.72465;5;2225
59;-23.56666;-46.72727;6;2535
59;-23.56084;-46.73074;7;3935
59;-23.56614;-46.73032;8;4650
59;-23.56827;-46.7321;9;5085
59;-23.568;-46.7405;10;6285
59;-23.56669;-46.73802;11;7885
59;-23.56668;-46.73842;12;8140
59;-23.568;-46.7405;13;9135
60;-23.57153;-46.70804;1;0
60;-23.56602;-46.71048;2;1200
60;-23.5637;-46.71273;3;1550
60;-23.56426;-46.71304;4;2040
60;-23.56541;-46.71313;5;2210
60;-23.57099;-46.70963;6;3085
60;-23.57153;-46.70804;7;3255
