shape_id,shape_pt_lat,shape_pt_lon,shape_pt_sequence,shape_dist_traveled
1,-23.567989,-46.740379,1,0
1,-23.568041,-46.740329,2,
1,-23.568036,-46.740270,3,
1,-23.568072,-46.740223,4,
1,-23.568123,-46.740215,5,
1,-23.568174,-46.740277,6,
1,-23.568225,-46.740318,7,
1,-23.568262,-46.740347,8,
1,-23.568312,-46.740373,9,
1,-23.568385,-46.740385,10,
1,-23.568450,-46.740389,11,
1,-23.568512,-46.740371,12,
1,-23.568557,-46.740325,13,
1,-23.568608,-46.740251,14,
1,-23.568638,-46.740156,15,
1,-23.568630,-46.740059,16,
1,-23.568592,-46.739964,17,
1,-23.568557,-46.739892,18,
1,-23.568505,-46.739828,19,
1,-23.568468,-46.739784,20,
1,-23.568510,-46.739641,21,
1,-23.568593,-46.739373,22,
1,-23.568672,-46.739142,23,
1,-23.568714,-46.738959,24,
1,-23.568734,-46.738837,25,
1,-23.568715,-46.738639,26,
1,-23.568730,-46.738409,27,
1,-23.568768,-46.738295,28,
1,-23.568802,-46.738196,29,
1,-23.568879,-46.738070,30,
1,-23.569134,-46.737757,31,
1,-23.569245,-46.737616,32,
1,-23.569326,-46.737480,33,
1,-23.569369,-46.737362,34,
1,-23.569391,-46.737071,35,
1,-23.569384,-46.736868,36,
1,-23.569447,-46.736594,37,
1,-23.569491,-46.736485,38,
1,-23.569461,-46.736317,39,
1,-23.569374,-46.736229,40,
1,-23.569206,-46.736193,41,
1,-23.569089,-46.736105,42,
1,-23.569019,-46.735969,43,
1,-23.568949,-46.735814,44,
1,-23.568839,-46.735627,45,
1,-23.568776,-46.735401,46,
1,-23.568759,-46.735318,47,
1,-23.568741,-46.735206,48,
1,-23.568739,-46.735092,49,
1,-23.568747,-46.734973,50,
1,-23.569218,-46.734135,51,
1,-23.569310,-46.733929,52,
1,-23.569246,-46.733374,53,
1,-23.568972,-46.732807,54,
1,-23.568879,-46.732647,55,
1,-23.568682,-46.732264,56,
1,-23.568566,-46.732018,57,
1,-23.56852,-46.73181,58,1100
1,-23.568515,-46.731750,59,
1,-23.568510,-46.731146,60,
1,-23.568527,-46.730479,61,
1,-23.568458,-46.730171,62,
1,-23.568440,-46.730014,63,
1,-23.568451,-46.729909,64,
1,-23.568495,-46.729758,65,
1,-23.568499,-46.729618,66,
1,-23.568450,-46.729440,67,
1,-23.568363,-46.729342,68,
1,-23.568306,-46.729296,69,
1,-23.568189,-46.729254,70,
1,-23.568097,-46.729244,71,
1,-23.567997,-46.729239,72,
1,-23.567890,-46.729132,73,
1,-23.567829,-46.729011,74,
1,-23.56709,-46.7275,75,1605
1,-23.56589,-46.72534,76,1865
1,-23.564834,-46.723474,77,
1,-23.56418,-46.7221,78,2245
1,-23.563753,-46.721400,79,
1,-23.563821,-46.721311,80,
1,-23.563870,-46.721196,81,
1,-23.563896,-46.721065,82,
1,-23.563887,-46.720942,83,
1,-23.563851,-46.720833,84,
1,-23.563789,-46.720735,85,
1,-23.563705,-46.720664,86,
1,-23.563615,-46.720623,87,
1,-23.563501,-46.720596,88,
1,-23.563308,-46.720597,89,
1,-23.56279,-46.71959,90,2565
1,-23.562485,-46.719076,91,
1,-23.562559,-46.718947,92,
1,-23.562595,-46.718873,93,
1,-23.562613,-46.718755,94,
1,-23.562615,-46.718647,95,
1,-23.562583,-46.718529,96,
1,-23.562537,-46.718447,97,
1,-23.562509,-46.718403,98,
1,-23.562231,-46.718266,99,
1,-23.562165,-46.718268,100,
1,-23.562105,-46.718290,101,
1,-23.562021,-46.718326,102,
1,-23.561937,-46.718379,103,
1,-23.561858,-46.718459,104,
1,-23.561805,-46.718570,105,
1,-23.561786,-46.718677,106,
1,-23.561786,-46.718806,107,
1,-23.561820,-46.718931,108,
1,-23.561874,-46.719091,109,
1,-23.561429,-46.719729,110,
1,-23.561225,-46.719738,111,
1,-23.561037,-46.719741,112,
1,-23.560877,-46.719786,113,
1,-23.560734,-46.719851,114,
1,-23.560634,-46.719973,115,
1,-23.56051,-46.7203,116,3040
1,-23.560596,-46.720606,117,
1,-23.560720,-46.720812,118,
1,-23.560881,-46.720981,119,
1,-23.561151,-46.721131,120,
1,-23.561297,-46.721173,121,
1,-23.561472,-46.721215,122,
1,-23.561606,-46.721204,123,
1,-23.561744,-46.721183,124,
1,-23.562092,-46.720879,125,
1,-23.562149,-46.720359,126,
1,-23.561874,-46.719958,127,
1,-23.562099,-46.719216,128,
1,-23.562189,-46.719230,129,
1,-23.562324,-46.719205,130,
1,-23.562485,-46.719076,131,
1,-23.562559,-46.718947,132,
1,-23.562595,-46.718873,133,
1,-23.562613,-46.718755,134,
1,-23.562615,-46.718647,135,
1,-23.562583,-46.718529,136,
1,-23.562537,-46.718447,137,
1,-23.562509,-46.718403,138,
1,-23.5636,-46.71631,139,3820
1,-23.564266,-46.714857,140,
1,-23.564277,-46.714673,141,
1,-23.564233,-46.714600,142,
1,-23.564138,-46.714593,143,
1,-23.564036,-46.714680,144,
1,-23.56328,-46.7162,145,4210
1,-23.562231,-46.718266,146,
1,-23.562165,-46.718268,147,
1,-23.562105,-46.718290,148,
1,-23.562021,-46.718326,149,
1,-23.561937,-46.718379,150,
1,-23.561858,-46.718459,151,
1,-23.561805,-46.718570,152,
1,-23.561786,-46.718677,153,
1,-23.561786,-46.718806,154,
1,-23.561820,-46.718931,155,
1,-23.561874,-46.719091,156,
1,-23.561429,-46.719729,157,
1,-23.561225,-46.719738,158,
1,-23.561037,-46.719741,159,
1,-23.560877,-46.719786,160,
1,-23.560734,-46.719851,161,
1,-23.560634,-46.719973,162,
1,-23.560634,-46.719973,163,
1,-23.559600,-46.720040,164,
1,-23.557920,-46.719090,165,
1,-23.557807,-46.718716,166,
1,-23.557929,-46.718331,167,
1,-23.560139,-46.713779,168,
1,-23.5607,-46.7134,169,5710
1,-23.561179,-46.713130,170,
1,-23.561813,-46.713031,171,
1,-23.562720,-46.713013,172,
1,-23.562997,-46.713010,173,
1,-23.563670,-46.713012,174,
1,-23.5637,-46.71273,175,6090
1,-23.561907,-46.712771,176,
1,-23.560965,-46.712888,177,
1,-23.56039,-46.71313,178,6465
1,-23.559862,-46.713685,179,
1,-23.557678,-46.718230,180,
1,-23.55681,-46.72028,181,7305
1,-23.555713,-46.722679,182,
1,-23.55461,-46.72444,183,7795
1,-23.55197,-46.72997,184,8435
1,-23.551813,-46.730227,185,
1,-23.551406,-46.731064,186,
1,-23.551097,-46.731687,187,
1,-23.551112,-46.731730,188,
1,-23.551133,-46.731764,189,
1,-23.551160,-46.731787,190,
1,-23.551193,-46.731801,191,
1,-23.551232,-46.731804,192,
1,-23.551277,-46.731798,193,
1,-23.551503,-46.731398,194,
1,-23.55273,-46.72888,195,9005
1,-23.554252,-46.725769,196,
1,-23.554335,-46.725619,197,
1,-23.554424,-46.725415,198,
1,-23.554581,-46.725350,199,
1,-23.554731,-46.725387,200,
1,-23.555055,-46.725594,201,
1,-23.555333,-46.725763,202,
1,-23.55616,-46.72631,203,9625
1,-23.557351,-46.726921,204,
1,-23.557448,-46.726724,205,
1,-23.55611,-46.72597,206,9900
1,-23.555131,-46.725412,207,
1,-23.554911,-46.725293,208,
1,-23.554725,-46.725172,209,
1,-23.554676,-46.725071,210,
1,-23.554647,-46.724856,211,
1,-23.555080,-46.724206,212,
1,-23.55525,-46.724,213,10220
1,-23.555907,-46.722781,214,
1,-23.556777,-46.721076,215,
1,-23.557055,-46.721068,216,
1,-23.560180,-46.722830,217,
1,-23.561770,-46.723810,218,
1,-23.561870,-46.724140,219,
1,-23.561255,-46.725318,220,
1,-23.56013,-46.72735,221,11620
1,-23.55899,-46.72968,222,11890
1,-23.558790,-46.730340,223,
1,-23.558990,-46.730440,224,
1,-23.55936,-46.72986,225,12060
1,-23.56066,-46.72719,226,12370
1,-23.56198,-46.72452,227,12680
1,-23.562832,-46.722659,228,
1,-23.563372,-46.721545,229,
1,-23.563456,-46.721549,230,
1,-23.563527,-46.721539,231,
1,-23.5641,-46.72265,232,13160
1,-23.564645,-46.723561,233,
1,-23.56524,-46.72465,234,13400
1,-23.56666,-46.72727,235,13710
1,-23.56743,-46.7288,236,13890
1,-23.567703,-46.729212,237,
1,-23.567754,-46.729410,238,
1,-23.567698,-46.729509,239,
1,-23.567669,-46.729627,240,
1,-23.567680,-46.729774,241,
1,-23.567752,-46.729954,242,
1,-23.567637,-46.730278,243,
1,-23.567414,-46.730397,244,
1,-23.566812,-46.730333,245,
1,-23.566482,-46.730310,246,
1,-23.56614,-46.73013,247,14215
1,-23.565879,-46.730229,248,
1,-23.565503,-46.730090,249,
1,-23.565382,-46.729986,250,
1,-23.565174,-46.729488,251,
1,-23.564996,-46.729186,252,
1,-23.564652,-46.728943,253,
1,-23.564362,-46.728907,254,
1,-23.564006,-46.728970,255,
1,-23.563671,-46.729092,256,
1,-23.563430,-46.729120,257,
1,-23.563043,-46.729110,258,
1,-23.562781,-46.729120,259,
1,-23.562543,-46.729115,260,
1,-23.562320,-46.729203,261,
1,-23.562056,-46.729414,262,
1,-23.561579,-46.729846,263,
1,-23.561398,-46.730029,264,
1,-23.561003,-46.730402,265,
1,-23.560777,-46.730696,266,
1,-23.56062,-46.7309,267,14960
1,-23.560525,-46.731168,268,
1,-23.560431,-46.731322,269,
1,-23.560337,-46.731293,270,
1,-23.560279,-46.731296,271,
1,-23.560214,-46.731322,272,
1,-23.560140,-46.731386,273,
1,-23.560084,-46.731477,274,
1,-23.560042,-46.731596,275,
1,-23.560010,-46.731739,276,
1,-23.559990,-46.731877,277,
1,-23.559978,-46.731969,278,
1,-23.560242,-46.732208,279,
1,-23.560450,-46.732148,280,
1,-23.560603,-46.731863,281,
1,-23.560574,-46.731345,282,
1,-23.56084,-46.73074,283,15335
1,-23.561398,-46.730029,284,
1,-23.561579,-46.729846,285,
1,-23.562056,-46.729414,286,
1,-23.562320,-46.729203,287,
1,-23.562543,-46.729115,288,
1,-23.562781,-46.729120,289,
1,-23.563043,-46.729110,290,
1,-23.563430,-46.729120,291,
1,-23.563671,-46.729092,292,
1,-23.564006,-46.728970,293,
1,-23.564362,-46.728907,294,
1,-23.564652,-46.728943,295,
1,-23.564996,-46.729186,296,
1,-23.565174,-46.729488,297,
1,-23.565382,-46.729986,298,
1,-23.565503,-46.730090,299,
1,-23.565879,-46.730229,300,
1,-23.56614,-46.73032,301,16050
1,-23.566482,-46.730310,302,
1,-23.566812,-46.730333,303,
1,-23.567414,-46.730397,304,
1,-23.567637,-46.730278,305,
1,-23.567922,-46.730135,306,
1,-23.567982,-46.730168,307,
1,-23.568063,-46.730181,308,
1,-23.568129,-46.730187,309,
1,-23.568270,-46.730257,310,
1,-23.568332,-46.730539,311,
1,-23.568311,-46.730909,312,
1,-23.568284,-46.731451,313,
1,-23.568278,-46.731740,314,
1,-23.56827,-46.7321,315,16485
1,-23.568425,-46.732298,316,
1,-23.568581,-46.732549,317,
1,-23.568813,-46.732984,318,
1,-23.569032,-46.733383,319,
1,-23.569079,-46.733756,320,
1,-23.569051,-46.734046,321,
1,-23.568887,-46.734379,322,
1,-23.568448,-46.735142,323,
1,-23.568038,-46.735813,324,
1,-23.567713,-46.736418,325,
1,-23.567315,-46.737093,326,
1,-23.567047,-46.737555,327,
1,-23.566774,-46.737959,328,
1,-23.56669,-46.73802,329,17190
1,-23.566489,-46.738238,330,
1,-23.565891,-46.738630,331,
1,-23.564969,-46.739185,332,
1,-23.564679,-46.739383,333,
1,-23.564310,-46.739997,334,
1,-23.563931,-46.740771,335,
1,-23.56389,-46.74079,336,17620
1,-23.563624,-46.741201,337,
1,-23.563405,-46.741399,338,
1,-23.563278,-46.741423,339,
1,-23.563299,-46.741523,340,
1,-23.563358,-46.741568,341,
1,-23.563434,-46.741632,342,
1,-23.563519,-46.741640,343,
1,-23.563622,-46.741560,344,
1,-23.56378,-46.74142,345,17790
1,-23.56474,-46.73969,346,18000
1,-23.564762,-46.739538,347,
1,-23.56592,-46.73884,348,
1,-23.56668,-46.73842,349,18255
1,-23.566953,-46.738010,350,
1,-23.567182,-46.737664,351,
1,-23.568197,-46.735919,352,
1,-23.568387,-46.735595,353,
1,-23.568519,-46.735542,354,
1,-23.568609,-46.735534,355,
1,-23.568701,-46.735546,356,
1,-23.568839,-46.735627,357,
1,-23.568949,-46.735814,358,
1,-23.569019,-46.735969,359,
1,-23.569095,-46.736245,360,
1,-23.569088,-46.736424,361,
1,-23.569108,-46.736549,362,
1,-23.569173,-46.736679,363,
1,-23.569238,-46.736759,364,
1,-23.569315,-46.736828,365,
1,-23.569384,-46.736868,366,
1,-23.569391,-46.737071,367,
1,-23.569369,-46.737362,368,
1,-23.569326,-46.737480,369,
1,-23.569245,-46.737616,370,
1,-23.569134,-46.737757,371,
1,-23.568879,-46.738070,372,
1,-23.568802,-46.738196,373,
1,-23.568768,-46.738295,374,
1,-23.568730,-46.738409,375,
1,-23.568715,-46.738639,376,
1,-23.568734,-46.738837,377,
1,-23.568714,-46.738959,378,
1,-23.568672,-46.739142,379,
1,-23.568593,-46.739373,380,
1,-23.568510,-46.739641,381,
1,-23.568468,-46.739784,382,
1,-23.568353,-46.739823,383,
1,-23.568295,-46.739850,384,
1,-23.568233,-46.739890,385,
1,-23.568154,-46.739969,386,
1,-23.568118,-46.740022,387,
1,-23.568095,-46.740084,388,
1,-23.568088,-46.740141,389,
1,-23.567902,-46.740320,390,
1,-23.567897,-46.740379,391,
1,-23.567955,-46.740386,392,
1,-23.567989,-46.740379,393,19250
2,-23.55262,-46.73184,1,0
2,-23.55613,-46.73386,2,440
2,-23.556677,-46.734116,3,
2,-23.556809,-46.734374,4,
2,-23.556852,-46.734451,5,
2,-23.556901,-46.734537,6,
2,-23.556990,-46.734651,7,
2,-23.557101,-46.734706,8,
2,-23.557185,-46.734703,9,
2,-23.557252,-46.734686,10,
2,-23.557306,-46.734657,11,
2,-23.557357,-46.734604,12,
2,-23.557392,-46.734523,13,
2,-23.557384,-46.734381,14,
2,-23.557276,-46.734162,15,
2,-23.557238,-46.734097,16,
2,-23.557094,-46.733880,17,
2,-23.557014,-46.733905,18,
2,-23.556930,-46.733902,19,
2,-23.556866,-46.733929,20,
2,-23.556812,-46.733969,21,
2,-23.556760,-46.734025,22,
2,-23.556714,-46.734065,23,
2,-23.556691,-46.734079,24,
2,-23.556677,-46.734116,25,
2,-23.556569,-46.734019,26,
2,-23.556190,-46.733817,27,
2,-23.55597,-46.73367,28,830
2,-23.55279,-46.73185,29,1230
2,-23.552291,-46.731597,30,
2,-23.551843,-46.731351,31,
2,-23.551748,-46.731282,32,
2,-23.551708,-46.731227,33,
2,-23.551686,-46.731183,34,
2,-23.551674,-46.731133,35,
2,-23.551682,-46.731012,36,
2,-23.552007,-46.730336,37,
2,-23.552267,-46.729803,38,
2,-23.55273,-46.72888,39,1640
2,-23.554252,-46.725769,40,
2,-23.554335,-46.725619,41,
2,-23.554424,-46.725415,42,
2,-23.554647,-46.724856,43,
2,-23.555080,-46.724206,44,
2,-23.55525,-46.724,45,2210
2,-23.555907,-46.722781,46,
2,-23.556777,-46.721076,47,
2,-23.556931,-46.720762,48,
2,-23.55731,-46.71994,49,2680
2,-23.557593,-46.719207,50,
2,-23.557929,-46.718331,51,
2,-23.560139,-46.713779,52,
2,-23.5607,-46.7134,53,3455
2,-23.561179,-46.713130,54,
2,-23.561813,-46.713031,55,
2,-23.562720,-46.713013,56,
2,-23.562997,-46.713010,57,
2,-23.563670,-46.713012,58,
2,-23.5637,-46.71273,59,3835
2,-23.561907,-46.712771,60,
2,-23.560965,-46.712888,61,
2,-23.56039,-46.71313,62,4210
2,-23.559862,-46.713685,63,
2,-23.557678,-46.718230,64,
2,-23.55681,-46.72028,65,5050
2,-23.555713,-46.722679,66,
2,-23.55461,-46.72444,67,5540
2,-23.554048,-46.725647,68,
2,-23.554252,-46.725769,69,
2,-23.554335,-46.725619,70,
2,-23.554424,-46.725415,71,
2,-23.554581,-46.725350,72,
2,-23.554731,-46.725387,73,
2,-23.555055,-46.725594,74,
2,-23.555333,-46.725763,75,
2,-23.55616,-46.72631,76,5990
2,-23.55783,-46.72724,77,6200
2,-23.559066,-46.727869,78,
2,-23.559636,-46.728480,79,
2,-23.55899,-46.72968,80,6580
2,-23.55783,-46.73228,81,6880
2,-23.557094,-46.733880,82,
2,-23.557014,-46.733905,83,
2,-23.556930,-46.733902,84,
2,-23.556866,-46.733929,85,
2,-23.556812,-46.733969,86,
2,-23.556760,-46.734025,87,
2,-23.556714,-46.734065,88,
2,-23.556691,-46.734079,89,
2,-23.556677,-46.734116,90,
2,-23.556809,-46.734374,91,
2,-23.556852,-46.734451,92,
2,-23.556901,-46.734537,93,
2,-23.556990,-46.734651,94,
2,-23.557101,-46.734706,95,
2,-23.557185,-46.734703,96,
2,-23.557252,-46.734686,97,
2,-23.557305,-46.734778,98,
2,-23.55889,-46.73768,99,7570
2,-23.559181,-46.738072,100,
2,-23.559184,-46.738177,101,
2,-23.559191,-46.738275,102,
2,-23.559196,-46.738363,103,
2,-23.559223,-46.738473,104,
2,-23.559282,-46.738539,105,
2,-23.559355,-46.738605,106,
2,-23.559391,-46.738621,107,
2,-23.559490,-46.738707,108,
2,-23.559556,-46.738747,109,
2,-23.559605,-46.738817,110,
2,-23.559642,-46.738900,111,
2,-23.559677,-46.738991,112,
2,-23.559721,-46.739688,113,
2,-23.559731,-46.740771,114,
2,-23.559736,-46.741768,115,
2,-23.559733,-46.742101,116,
2,-23.55972,-46.74217,117,8060
2,-23.559748,-46.742432,118,
2,-23.560134,-46.743038,119,
2,-23.56020,-46.74320,120,
2,-23.56037,-46.74315,121,
2,-23.560326,-46.743021,122,
2,-23.560253,-46.742972,123,
2,-23.560213,-46.742940,124,
2,-23.559869,-46.742475,125,
2,-23.559844,-46.742121,126,
2,-23.55989,-46.74185,127,8360
2,-23.55987,-46.73937,128,8615
2,-23.559802,-46.738981,129,
2,-23.559740,-46.738828,130,
2,-23.559615,-46.738530,131,
2,-23.559654,-46.738416,132,
2,-23.559653,-46.738331,133,
2,-23.559633,-46.738278,134,
2,-23.559568,-46.738168,135,
2,-23.559537,-46.738076,136,
2,-23.559408,-46.738017,137,
2,-23.559336,-46.738043,138,
2,-23.559271,-46.738001,139,
2,-23.559159,-46.737853,140,
2,-23.559075,-46.737791,141,
2,-23.557933,-46.735812,142,
2,-23.557306,-46.734657,143,
2,-23.557357,-46.734604,144,
2,-23.557392,-46.734523,145,
2,-23.557384,-46.734381,146,
2,-23.557276,-46.734162,147,
2,-23.557238,-46.734097,148,
2,-23.55792,-46.73277,149,9405
2,-23.55936,-46.72986,150,9745
2,-23.56066,-46.72719,151,10055
2,-23.56198,-46.72452,152,10365
2,-23.562832,-46.722659,153,
2,-23.563372,-46.721545,154,
2,-23.563456,-46.721549,155,
2,-23.563527,-46.721539,156,
2,-23.5641,-46.72265,157,10845
2,-23.564645,-46.723561,158,
2,-23.56524,-46.72465,159,11085
2,-23.56666,-46.72727,160,11395
2,-23.56743,-46.7288,161,11575
2,-23.567703,-46.729212,162,
2,-23.567754,-46.729410,163,
2,-23.567698,-46.729509,164,
2,-23.567669,-46.729627,165,
2,-23.567680,-46.729774,166,
2,-23.567752,-46.729954,167,
2,-23.567813,-46.730051,168,
2,-23.567922,-46.730135,169,
2,-23.567982,-46.730168,170,
2,-23.568063,-46.730181,171,
2,-23.568129,-46.730187,172,
2,-23.568236,-46.730142,173,
2,-23.568321,-46.730078,174,
2,-23.568451,-46.729909,175,
2,-23.568495,-46.729758,176,
2,-23.568499,-46.729618,177,
2,-23.568450,-46.729440,178,
2,-23.568363,-46.729342,179,
2,-23.568306,-46.729296,180,
2,-23.568189,-46.729254,181,
2,-23.568097,-46.729244,182,
2,-23.567997,-46.729239,183,
2,-23.567890,-46.729132,184,
2,-23.567829,-46.729011,185,
2,-23.56709,-46.7275,186,12110
2,-23.56589,-46.72534,187,12370
2,-23.564834,-46.723474,188,
2,-23.56418,-46.7221,189,12750
2,-23.563753,-46.721400,190,
2,-23.563821,-46.721311,191,
2,-23.563870,-46.721196,192,
2,-23.563896,-46.721065,193,
2,-23.563887,-46.720942,194,
2,-23.563851,-46.720833,195,
2,-23.563789,-46.720735,196,
2,-23.563705,-46.720664,197,
2,-23.563615,-46.720623,198,
2,-23.563501,-46.720596,199,
2,-23.563308,-46.720597,200,
2,-23.56279,-46.71959,201,13070
2,-23.562485,-46.719076,202,
2,-23.562559,-46.718947,203,
2,-23.562595,-46.718873,204,
2,-23.562613,-46.718755,205,
2,-23.562615,-46.718647,206,
2,-23.562583,-46.718529,207,
2,-23.562537,-46.718447,208,
2,-23.562509,-46.718403,209,
2,-23.5636,-46.71631,210,13440
2,-23.564266,-46.714857,211,
2,-23.564846,-46.713640,212,
2,-23.564982,-46.713529,213,
2,-23.565105,-46.713510,214,
2,-23.565189,-46.713486,215,
2,-23.565271,-46.713418,216,
2,-23.565325,-46.713323,217,
2,-23.56541,-46.71313,218,13830
2,-23.565319,-46.712811,219,
2,-23.565296,-46.712724,220,
2,-23.565741,-46.711806,221,
2,-23.567225,-46.711726,222,
2,-23.568033,-46.711703,223,
2,-23.568816,-46.711668,224,
2,-23.570197,-46.711602,225,
2,-23.570354,-46.711607,226,
2,-23.57099,-46.70963,227,14705
2,-23.57153,-46.70804,228,14875
3,-23.57153,-46.70804,1,0
3,-23.571826,-46.708550,2,
3,-23.571589,-46.709319,3,
3,-23.567822,-46.707976,4,
3,-23.567834,-46.707800,5,
3,-23.567804,-46.707673,6,
3,-23.567758,-46.707604,7,
3,-23.567719,-46.707559,8,
3,-23.567656,-46.707521,9,
3,-23.567599,-46.707494,10,
3,-23.567527,-46.707483,11,
3,-23.567444,-46.707490,12,
3,-23.567388,-46.707516,13,
3,-23.567322,-46.707561,14,
3,-23.567281,-46.707604,15,
3,-23.567246,-46.707665,16,
3,-23.567203,-46.707766,17,
3,-23.567204,-46.707811,18,
3,-23.567207,-46.707917,19,
3,-23.567227,-46.707980,20,
3,-23.567251,-46.708050,21,
3,-23.566082,-46.710535,22,
3,-23.56602,-46.71048,23,1200
3,-23.565050,-46.712596,24,
3,-23.564853,-46.712690,25,
3,-23.564647,-46.712743,26,
3,-23.5637,-46.71273,27,1550
3,-23.561907,-46.712771,28,
3,-23.561813,-46.713031,29,
3,-23.562720,-46.713013,30,
3,-23.562997,-46.713010,31,
3,-23.56426,-46.71304,32,2040
3,-23.564543,-46.713006,33,
3,-23.564536,-46.713128,34,
3,-23.564591,-46.713276,35,
3,-23.564646,-46.713376,36,
3,-23.564036,-46.714680,37,
3,-23.56328,-46.7162,38,2420
3,-23.562231,-46.718266,39,
3,-23.562165,-46.718268,40,
3,-23.562105,-46.718290,41,
3,-23.562021,-46.718326,42,
3,-23.561937,-46.718379,43,
3,-23.561858,-46.718459,44,
3,-23.561805,-46.718570,45,
3,-23.561786,-46.718677,46,
3,-23.561786,-46.718806,47,
3,-23.561820,-46.718931,48,
3,-23.561874,-46.719091,49,
3,-23.562099,-46.719216,50,
3,-23.562189,-46.719230,51,
3,-23.562324,-46.719205,52,
3,-23.563128,-46.720726,53,
3,-23.563062,-46.720821,54,
3,-23.563015,-46.720935,55,
3,-23.562999,-46.721074,56,
3,-23.563023,-46.721219,57,
3,-23.563073,-46.721333,58,
3,-23.563144,-46.721428,59,
3,-23.563372,-46.721545,60,
3,-23.563456,-46.721549,61,
3,-23.563527,-46.721539,62,
3,-23.563594,-46.721523,63,
3,-23.5641,-46.72265,64,3260
3,-23.564645,-46.723561,65,
3,-23.564834,-46.723474,66,
3,-23.56418,-46.7221,67,3540
3,-23.563753,-46.721400,68,
3,-23.563821,-46.721311,69,
3,-23.563870,-46.721196,70,
3,-23.563896,-46.721065,71,
3,-23.563887,-46.720942,72,
3,-23.563851,-46.720833,73,
3,-23.563789,-46.720735,74,
3,-23.563705,-46.720664,75,
3,-23.563615,-46.720623,76,
3,-23.563501,-46.720596,77,
3,-23.563308,-46.720597,78,
3,-23.563128,-46.720726,79,
3,-23.563062,-46.720821,80,
3,-23.563015,-46.720935,81,
3,-23.562999,-46.721074,82,
3,-23.563023,-46.721219,83,
3,-23.563073,-46.721333,84,
3,-23.563144,-46.721428,85,
3,-23.56234,-46.72306,86,4020
3,-23.562067,-46.723724,87,
3,-23.561870,-46.724140,88,
3,-23.561255,-46.725318,89,
3,-23.56013,-46.72735,90,4520
3,-23.559940,-46.727872,91,
3,-23.559490,-46.727970,92,
3,-23.55776,-46.72696,93,4855
3,-23.55611,-46.72597,94,5065
3,-23.555131,-46.725412,95,
3,-23.554911,-46.725293,96,
3,-23.554725,-46.725172,97,
3,-23.554676,-46.725071,98,
3,-23.554647,-46.724856,99,
3,-23.555080,-46.724206,100,
3,-23.55525,-46.724,101,5385
3,-23.555907,-46.722781,102,
3,-23.556777,-46.721076,103,
3,-23.556931,-46.720762,104,
3,-23.55731,-46.71994,105,5855
3,-23.557593,-46.719207,106,
3,-23.557920,-46.719090,107,
3,-23.559600,-46.720040,108,
3,-23.560634,-46.719973,109,
3,-23.56051,-46.7203,110,6320
3,-23.560596,-46.720606,111,
3,-23.560720,-46.720812,112,
3,-23.560881,-46.720981,113,
3,-23.561151,-46.721131,114,
3,-23.561297,-46.721173,115,
3,-23.561472,-46.721215,116,
3,-23.561606,-46.721204,117,
3,-23.561744,-46.721183,118,
3,-23.562092,-46.720879,119,
3,-23.562149,-46.720359,120,
3,-23.561874,-46.719958,121,
3,-23.562099,-46.719216,122,
3,-23.562189,-46.719230,123,
3,-23.562324,-46.719205,124,
3,-23.562485,-46.719076,125,
3,-23.562559,-46.718947,126,
3,-23.562595,-46.718873,127,
3,-23.562613,-46.718755,128,
3,-23.562615,-46.718647,129,
3,-23.562583,-46.718529,130,
3,-23.562537,-46.718447,131,
3,-23.562509,-46.718403,132,
3,-23.5636,-46.71631,133,7100
3,-23.564266,-46.714857,134,
3,-23.564846,-46.713640,135,
3,-23.564982,-46.713529,136,
3,-23.565105,-46.713510,137,
3,-23.565189,-46.713486,138,
3,-23.565271,-46.713418,139,
3,-23.565325,-46.713323,140,
3,-23.56541,-46.71313,141,7490
3,-23.565319,-46.712811,142,
3,-23.565296,-46.712724,143,
3,-23.565741,-46.711806,144,
3,-23.567225,-46.711726,145,
3,-23.568033,-46.711703,146,
3,-23.568816,-46.711668,147,
3,-23.570197,-46.711602,148,
3,-23.570354,-46.711607,149,
3,-23.57099,-46.70963,150,8365
3,-23.57153,-46.70804,151,8535
4,-23.55262,-46.73184,1,0
4,-23.552291,-46.731597,2,
4,-23.551843,-46.731351,3,
4,-23.551748,-46.731282,4,
4,-23.551708,-46.731227,5,
4,-23.551686,-46.731183,6,
4,-23.551674,-46.731133,7,
4,-23.551682,-46.731012,8,
4,-23.552007,-46.730336,9,
4,-23.552267,-46.729803,10,
4,-23.55273,-46.72888,11,395
4,-23.554252,-46.725769,12,
4,-23.554335,-46.725619,13,
4,-23.554424,-46.725415,14,
4,-23.554581,-46.725350,15,
4,-23.554731,-46.725387,16,
4,-23.555055,-46.725594,17,
4,-23.555333,-46.725763,18,
4,-23.55616,-46.72631,19,1015
4,-23.55783,-46.72724,20,1225
4,-23.559066,-46.727869,21,
4,-23.559636,-46.728480,22,
4,-23.55899,-46.72968,23,1605
4,-23.55783,-46.73228,24,1905
4,-23.557094,-46.733880,25,
4,-23.557014,-46.733905,26,
4,-23.556930,-46.733902,27,
4,-23.556866,-46.733929,28,
4,-23.556812,-46.733969,29,
4,-23.556760,-46.734025,30,
4,-23.556714,-46.734065,31,
4,-23.556691,-46.734079,32,
4,-23.556677,-46.734116,33,
4,-23.556809,-46.734374,34,
4,-23.556852,-46.734451,35,
4,-23.556901,-46.734537,36,
4,-23.556990,-46.734651,37,
4,-23.557101,-46.734706,38,
4,-23.557185,-46.734703,39,
4,-23.557252,-46.734686,40,
4,-23.557306,-46.734657,41,
4,-23.557357,-46.734604,42,
4,-23.557392,-46.734523,43,
4,-23.557384,-46.734381,44,
4,-23.557276,-46.734162,45,
4,-23.557238,-46.734097,46,
4,-23.55792,-46.73277,47,2465
4,-23.55936,-46.72986,48,2805
4,-23.56066,-46.72719,49,3115
4,-23.561483,-46.725453,50,
4,-23.561255,-46.725318,51,
4,-23.56013,-46.72735,52,3565
4,-23.559940,-46.727872,53,
4,-23.559490,-46.727970,54,
4,-23.55776,-46.72696,55,3900
4,-23.55611,-46.72597,56,4110
4,-23.555131,-46.725412,57,
4,-23.554911,-46.725293,58,
4,-23.554725,-46.725172,59,
4,-23.554676,-46.725071,60,
4,-23.554647,-46.724856,61,
4,-23.555080,-46.724206,62,
4,-23.55525,-46.724,63,4430
4,-23.555907,-46.722781,64,
4,-23.555713,-46.722679,65,
4,-23.55461,-46.72444,66,4790
4,-23.55197,-46.72997,67,5430
4,-23.551813,-46.730227,68,
4,-23.551406,-46.731064,69,
4,-23.551097,-46.731687,70,
4,-23.551112,-46.731730,71,
4,-23.551133,-46.731764,72,
4,-23.551160,-46.731787,73,
4,-23.551193,-46.731801,74,
4,-23.551232,-46.731804,75,
4,-23.551277,-46.731798,76,
4,-23.551503,-46.731398,77,
4,-23.551542,-46.731345,78,
4,-23.551584,-46.731324,79,
4,-23.551625,-46.731323,80,
4,-23.551671,-46.731318,81,
4,-23.551726,-46.731315,82,
4,-23.551843,-46.731351,83,
4,-23.55262,-46.73184,84,5840
4,-23.55613,-46.73386,85,6280
4,-23.556677,-46.734116,86,
4,-23.556809,-46.734374,87,
4,-23.556852,-46.734451,88,
4,-23.556901,-46.734537,89,
4,-23.556990,-46.734651,90,
4,-23.557101,-46.734706,91,
4,-23.557185,-46.734703,92,
4,-23.557252,-46.734686,93,
4,-23.55889,-46.73768,94,6790
4,-23.559181,-46.738072,95,
4,-23.559184,-46.738177,96,
4,-23.559191,-46.738275,97,
4,-23.559196,-46.738363,98,
4,-23.559223,-46.738473,99,
4,-23.559282,-46.738539,100,
4,-23.559355,-46.738605,101,
4,-23.559391,-46.738621,102,
4,-23.559490,-46.738707,103,
4,-23.559556,-46.738747,104,
4,-23.559605,-46.738817,105,
4,-23.559642,-46.738900,106,
4,-23.559677,-46.738991,107,
4,-23.559721,-46.739688,108,
4,-23.559731,-46.740771,109,
4,-23.55985,-46.74079,110,
4,-23.55987,-46.73937,111,7340
4,-23.559802,-46.738981,112,
4,-23.559740,-46.738828,113,
4,-23.559615,-46.738530,114,
4,-23.559654,-46.738416,115,
4,-23.559653,-46.738331,116,
4,-23.559633,-46.738278,117,
4,-23.559568,-46.738168,118,
4,-23.559537,-46.738076,119,
4,-23.559408,-46.738017,120,
4,-23.559336,-46.738043,121,
4,-23.559191,-46.738275,122,
4,-23.559196,-46.738363,123,
4,-23.559223,-46.738473,124,
4,-23.559282,-46.738539,125,
4,-23.559355,-46.738605,126,
4,-23.559391,-46.738621,127,
4,-23.559490,-46.738707,128,
4,-23.559556,-46.738747,129,
4,-23.559605,-46.738817,130,
4,-23.559642,-46.738900,131,
4,-23.559677,-46.738991,132,
4,-23.559721,-46.739688,133,
4,-23.559731,-46.740771,134,
4,-23.559736,-46.741768,135,
4,-23.559733,-46.742101,136,
4,-23.55972,-46.74217,137,7940
4,-23.559748,-46.742432,138,
4,-23.560134,-46.743038,139,
4,-23.560213,-46.742940,140,
4,-23.560253,-46.742972,141,
4,-23.560326,-46.743021,142,
4,-23.560422,-46.743002,143,
4,-23.560531,-46.742947,144,
4,-23.560797,-46.742830,145,
4,-23.560922,-46.742743,146,
4,-23.561301,-46.742466,147,
4,-23.561798,-46.742114,148,
4,-23.562077,-46.741925,149,
4,-23.562435,-46.741706,150,
4,-23.562571,-46.741641,151,
4,-23.562649,-46.741606,152,
4,-23.562776,-46.741555,153,
4,-23.562942,-46.741550,154,
4,-23.563148,-46.741510,155,
4,-23.563299,-46.741523,156,
4,-23.563358,-46.741568,157,
4,-23.563434,-46.741632,158,
4,-23.563519,-46.741640,159,
4,-23.563622,-46.741560,160,
4,-23.56378,-46.74142,161,8515
4,-23.56474,-46.73969,162,8725
4,-23.564762,-46.739538,163,
4,-23.56592,-46.73884,164,
4,-23.56668,-46.73842,165,8980
4,-23.566953,-46.738010,166,
4,-23.567182,-46.737664,167,
4,-23.568197,-46.735919,168,
4,-23.568387,-46.735595,169,
4,-23.568519,-46.735542,170,
4,-23.568609,-46.735534,171,
4,-23.568701,-46.735546,172,
4,-23.568839,-46.735627,173,
4,-23.568949,-46.735814,174,
4,-23.569019,-46.735969,175,
4,-23.569095,-46.736245,176,
4,-23.569088,-46.736424,177,
4,-23.569108,-46.736549,178,
4,-23.569173,-46.736679,179,
4,-23.569238,-46.736759,180,
4,-23.569315,-46.736828,181,
4,-23.569384,-46.736868,182,
4,-23.569391,-46.737071,183,
4,-23.569369,-46.737362,184,
4,-23.569326,-46.737480,185,
4,-23.569245,-46.737616,186,
4,-23.569134,-46.737757,187,
4,-23.568879,-46.738070,188,
4,-23.568802,-46.738196,189,
4,-23.568768,-46.738295,190,
4,-23.568730,-46.738409,191,
4,-23.568715,-46.738639,192,
4,-23.568734,-46.738837,193,
4,-23.568714,-46.738959,194,
4,-23.568672,-46.739142,195,
4,-23.568593,-46.739373,196,
4,-23.568510,-46.739641,197,
4,-23.568468,-46.739784,198,
4,-23.568353,-46.739823,199,
4,-23.568295,-46.739850,200,
4,-23.568233,-46.739890,201,
4,-23.568154,-46.739969,202,
4,-23.568118,-46.740022,203,
4,-23.568095,-46.740084,204,
4,-23.568088,-46.740141,205,
4,-23.567902,-46.740320,206,
4,-23.567897,-46.740379,207,
4,-23.567955,-46.740386,208,
4,-23.567989,-46.740379,209,9975
4,-23.568041,-46.740329,210,
4,-23.568036,-46.740270,211,
4,-23.568072,-46.740223,212,
4,-23.568123,-46.740215,213,
4,-23.568174,-46.740277,214,
4,-23.568225,-46.740318,215,
4,-23.568262,-46.740347,216,
4,-23.568312,-46.740373,217,
4,-23.568385,-46.740385,218,
4,-23.568450,-46.740389,219,
4,-23.568512,-46.740371,220,
4,-23.568557,-46.740325,221,
4,-23.568608,-46.740251,222,
4,-23.568638,-46.740156,223,
4,-23.568630,-46.740059,224,
4,-23.568592,-46.739964,225,
4,-23.568557,-46.739892,226,
4,-23.568505,-46.739828,227,
4,-23.568468,-46.739784,228,
4,-23.568510,-46.739641,229,
4,-23.568593,-46.739373,230,
4,-23.568672,-46.739142,231,
4,-23.568714,-46.738959,232,
4,-23.568734,-46.738837,233,
4,-23.568715,-46.738639,234,
4,-23.568730,-46.738409,235,
4,-23.568768,-46.738295,236,
4,-23.568802,-46.738196,237,
4,-23.568879,-46.738070,238,
4,-23.569134,-46.737757,239,
4,-23.569245,-46.737616,240,
4,-23.569326,-46.737480,241,
4,-23.569369,-46.737362,242,
4,-23.569391,-46.737071,243,
4,-23.569384,-46.736868,244,
4,-23.569447,-46.736594,245,
4,-23.569491,-46.736485,246,
4,-23.569461,-46.736317,247,
4,-23.569374,-46.736229,248,
4,-23.569206,-46.736193,249,
4,-23.569089,-46.736105,250,
4,-23.569019,-46.735969,251,
4,-23.568949,-46.735814,252,
4,-23.568839,-46.735627,253,
4,-23.568776,-46.735401,254,
4,-23.568759,-46.735318,255,
4,-23.568741,-46.735206,256,
4,-23.568739,-46.735092,257,
4,-23.568747,-46.734973,258,
4,-23.569218,-46.734135,259,
4,-23.569310,-46.733929,260,
4,-23.569246,-46.733374,261,
4,-23.568972,-46.732807,262,
4,-23.568879,-46.732647,263,
4,-23.568682,-46.732264,264,
4,-23.568566,-46.732018,265,
4,-23.56852,-46.73181,266,11075
4,-23.568515,-46.731750,267,
4,-23.568510,-46.731146,268,
4,-23.568527,-46.730479,269,
4,-23.568458,-46.730171,270,
4,-23.568440,-46.730014,271,
4,-23.568451,-46.729909,272,
4,-23.568495,-46.729758,273,
4,-23.568499,-46.729618,274,
4,-23.568450,-46.729440,275,
4,-23.568363,-46.729342,276,
4,-23.568306,-46.729296,277,
4,-23.568189,-46.729254,278,
4,-23.568097,-46.729244,279,
4,-23.567997,-46.729239,280,
4,-23.567839,-46.729315,281,
4,-23.567754,-46.729410,282,
4,-23.567698,-46.729509,283,
4,-23.567669,-46.729627,284,
4,-23.567680,-46.729774,285,
4,-23.567752,-46.729954,286,
4,-23.567637,-46.730278,287,
4,-23.567414,-46.730397,288,
4,-23.566812,-46.730333,289,
4,-23.566482,-46.730310,290,
4,-23.56614,-46.73013,291,11650
4,-23.565879,-46.730229,292,
4,-23.565503,-46.730090,293,
4,-23.565382,-46.729986,294,
4,-23.565174,-46.729488,295,
4,-23.564996,-46.729186,296,
4,-23.564652,-46.728943,297,
4,-23.564362,-46.728907,298,
4,-23.564006,-46.728970,299,
4,-23.563671,-46.729092,300,
4,-23.563430,-46.729120,301,
4,-23.563043,-46.729110,302,
4,-23.562781,-46.729120,303,
4,-23.562543,-46.729115,304,
4,-23.562320,-46.729203,305,
4,-23.562056,-46.729414,306,
4,-23.561579,-46.729846,307,
4,-23.561398,-46.730029,308,
4,-23.561003,-46.730402,309,
4,-23.560777,-46.730696,310,
4,-23.56062,-46.7309,311,12395
4,-23.560525,-46.731168,312,
4,-23.560431,-46.731322,313,
4,-23.560337,-46.731293,314,
4,-23.560279,-46.731296,315,
4,-23.560214,-46.731322,316,
4,-23.560140,-46.731386,317,
4,-23.560084,-46.731477,318,
4,-23.560042,-46.731596,319,
4,-23.560010,-46.731739,320,
4,-23.559990,-46.731877,321,
4,-23.559978,-46.731969,322,
4,-23.559931,-46.732361,323,
4,-23.559903,-46.732487,324,
4,-23.559850,-46.732869,325,
4,-23.55958,-46.73435,326,12785
4,-23.55941,-46.73757,327,13115
4,-23.559497,-46.737861,328,
4,-23.559498,-46.737957,329,
4,-23.559408,-46.738017,330,
4,-23.559336,-46.738043,331,
4,-23.559181,-46.738072,332,
4,-23.559184,-46.738177,333,
4,-23.559191,-46.738275,334,
4,-23.559196,-46.738363,335,
4,-23.559223,-46.738473,336,
4,-23.559282,-46.738539,337,
4,-23.559355,-46.738605,338,
4,-23.559391,-46.738621,339,
4,-23.559615,-46.738530,340,
4,-23.559654,-46.738416,341,
4,-23.559653,-46.738331,342,
4,-23.559633,-46.738278,343,
4,-23.559568,-46.738168,344,
4,-23.559537,-46.738076,345,
4,-23.559498,-46.737957,346,
4,-23.559497,-46.737861,347,
4,-23.559503,-46.737239,348,
4,-23.559523,-46.736196,349,
4,-23.559573,-46.735740,350,
4,-23.55974,-46.73484,351,13650
4,-23.559850,-46.732869,352,
4,-23.559903,-46.732487,353,
4,-23.559931,-46.732361,354,
4,-23.559997,-46.732285,355,
4,-23.560066,-46.732236,356,
4,-23.560242,-46.732208,357,
4,-23.560450,-46.732148,358,
4,-23.560603,-46.731863,359,
4,-23.560574,-46.731345,360,
4,-23.56084,-46.73074,361,14125
4,-23.561398,-46.730029,362,
4,-23.561579,-46.729846,363,
4,-23.562056,-46.729414,364,
4,-23.562320,-46.729203,365,
4,-23.562543,-46.729115,366,
4,-23.562781,-46.729120,367,
4,-23.563043,-46.729110,368,
4,-23.563430,-46.729120,369,
4,-23.563671,-46.729092,370,
4,-23.564006,-46.728970,371,
4,-23.564362,-46.728907,372,
4,-23.564652,-46.728943,373,
4,-23.564996,-46.729186,374,
4,-23.565174,-46.729488,375,
4,-23.565382,-46.729986,376,
4,-23.565503,-46.730090,377,
4,-23.565879,-46.730229,378,
4,-23.56614,-46.73032,379,14840
4,-23.566482,-46.730310,380,
4,-23.566812,-46.730333,381,
4,-23.567414,-46.730397,382,
4,-23.567637,-46.730278,383,
4,-23.567922,-46.730135,384,
4,-23.567982,-46.730168,385,
4,-23.568063,-46.730181,386,
4,-23.568129,-46.730187,387,
4,-23.568270,-46.730257,388,
4,-23.568332,-46.730539,389,
4,-23.568311,-46.730909,390,
4,-23.568284,-46.731451,391,
4,-23.568278,-46.731740,392,
4,-23.56827,-46.7321,393,15275
4,-23.568425,-46.732298,394,
4,-23.568581,-46.732549,395,
4,-23.568813,-46.732984,396,
4,-23.569032,-46.733383,397,
4,-23.569079,-46.733756,398,
4,-23.569051,-46.734046,399,
4,-23.568887,-46.734379,400,
4,-23.568448,-46.735142,401,
4,-23.568038,-46.735813,402,
4,-23.568052,-46.735851,403,
4,-23.568071,-46.735881,404,
4,-23.568095,-46.735903,405,
4,-23.568124,-46.735917,406,
4,-23.568158,-46.735922,407,
4,-23.568197,-46.735919,408,
4,-23.568387,-46.735595,409,
4,-23.568519,-46.735542,410,
4,-23.568609,-46.735534,411,
4,-23.568701,-46.735546,412,
4,-23.568839,-46.735627,413,
4,-23.568949,-46.735814,414,
4,-23.569019,-46.735969,415,
4,-23.569095,-46.736245,416,
4,-23.569088,-46.736424,417,
4,-23.569108,-46.736549,418,
4,-23.569173,-46.736679,419,
4,-23.569238,-46.736759,420,
4,-23.569315,-46.736828,421,
4,-23.569384,-46.736868,422,
4,-23.569391,-46.737071,423,
4,-23.569369,-46.737362,424,
4,-23.569326,-46.737480,425,
4,-23.569245,-46.737616,426,
4,-23.569134,-46.737757,427,
4,-23.568879,-46.738070,428,
4,-23.568802,-46.738196,429,
4,-23.568768,-46.738295,430,
4,-23.568730,-46.738409,431,
4,-23.568715,-46.738639,432,
4,-23.568734,-46.738837,433,
4,-23.568714,-46.738959,434,
4,-23.568672,-46.739142,435,
4,-23.568593,-46.739373,436,
4,-23.568510,-46.739641,437,
4,-23.568468,-46.739784,438,
4,-23.568353,-46.739823,439,
4,-23.568295,-46.739850,440,
4,-23.568233,-46.739890,441,
4,-23.568154,-46.739969,442,
4,-23.568118,-46.740022,443,
4,-23.568095,-46.740084,444,
4,-23.567989,-46.740379,445,16475
